﻿date,fecha,oecd,per_ra,per_enc,pea_ocupada,td,msr,cot,var_mens,var_feb,sal_prom,inpc,def,msr_val,asegurados_agri,var_agri,asegurados_extrac,var_extrac,asegurados_const,var_const,asegurados_transf,var_transf,asegurados_elect,var_elect,asegurados_comer,var_comer,asegurados_transp,var_transp,asegurados_servemp,var_servemp,asegurados_servsoc,var_servsoc,inf,sm_01,sm_12,sm_23,sm_34,sm_46,sm_68,sm_810,sm1015,sm_15m,vsm_01,vsm_12,vsm_23,vsm_34,vsm_46,vsm_68,vsm_810,vsm1015,vsm_15m,mujeres_ra,hombres_ra,mujeres_enc,hombres_enc,e_hasta15,e_15a19,e_20a24,e_25a29,e_30a34,e_35a39,e_40a44,e_45a49,e_50a54,e_55a59,e_60a64,e_65a69,e_70a74,e_75mas
2018/01/01,2018-Ene,MEX,,,,,,19532177,113722,,348.110,98.795,1.082,7356406425,731656,,129082,,1624149,,5255956,,143157,,3885490,,1098889,,4549524,,2114274,,,175341,8018430,3678455,2056498,2185449,1242611,627713,786327,232140,,,,,,,,,,7235102,12297075,,,360,"607,141","2,550,127","3,310,287","2,973,221","2,659,686","2,396,354","1,995,062","1,452,854","996,760","393,996","122,634","45,622","28,073"
2018/02/01,2018-Feb,MEX,,,,,0.826,19696488,164311,,349.385,99.171,1.078,7417192297,737160,,131510,,1648290,,5309352,,143385,,3902213,,1103513,,4587711,,2133354,,,173335,8137554,3679270,2067236,2197618,1253877,631051,790410,232510,,,,,,,,,,7297987,12398501,,,369,"615,543","2,582,173","3,342,012","2,994,230","2,677,531","2,410,958","2,010,674","1,463,821","1,005,698","396,139","123,352","45,723","28,265"
2018/03/01,2018-Mar,MEX,,,52876916,3.1395,0.115,19786997,90509,,349.314,99.492,1.074,7425753742,760836,,131546,,1638633,,5334363,,144890,,3912131,,1110710,,4618554,,2135334,,30005905,170930,7989214,3770032,2168260,2279040,1255787,639328,761358,225872,,,,,,,,,,7349130,12437867,20100506,32776410,382,"617,963","2,599,998","3,360,775","3,003,031","2,685,549","2,416,895","2,020,763","1,472,006","1,013,253","398,043","124,026","45,876","28,437"
2018/04/01,2018-Abr,MEX,,,,,0.797,19874106,87109,,349.368,99.155,1.078,7484961644,724699,,132367,,1673021,,5362196,,144253,,3924789,,1118667,,4648611,,2145503,,,170212,8075421,3755517,2163978,2280656,1259490,640232,766351,228462,,,,,,,,,,7388093,12486013,,,366,"611,278","2,606,897","3,376,811","3,015,721","2,699,469","2,425,815","2,032,602","1,483,960","1,021,906","399,800","124,931","46,138","28,412"
2018/05/01,2018-May,MEX,,,,,1.614,19908072,33966,,353.827,98.994,1.080,7605788627,704227,,133965,,1685429,,5384058,,143971,,3938921,,1122774,,4655228,,2139499,,,168294,7940605,3804433,2187440,2322723,1271011,645954,769929,235926,,,,,,,,,,7412381,12495691,,,360,"603,720","2,612,356","3,382,712","3,018,727","2,704,476","2,426,601","2,040,648","1,490,706","1,027,726","400,127","125,328","46,212","28,373"
2018/06/01,2018-Jun,MEX,,,53785257,3.3394,-0.558,19894575,-13497,,353.453,99.376,1.076,7563384344,652337,,133698,,1689103,,5391141,,144441,,3957111,,1125051,,4673100,,2128593,,30467842,166836,7989366,3775279,2168928,2314160,1268824,642053,772046,236666,,,,,,,,,,7426241,12468334,20666925,33118332,362,"624,086","2,621,120","3,372,582","3,006,756","2,697,340","2,416,088","2,040,816","1,490,195","1,028,374","398,541","124,459","45,762","28,094"
2018/07/01,2018-Jul,MEX,,,,,0.863,19949244,54669,,357.432,99.909,1.070,7628643349,638143,,133040,,1712692,,5428385,,145799,,3973894,,1130363,,4702358,,2084570,,,154420,7897356,3803434,2168641,2335035,1297508,677691,807685,244976,,,,,,,,,,7436778,12512466,,,499,"648,606","2,625,389","3,379,140","3,009,592","2,699,627","2,415,601","2,046,314","1,494,102","1,031,597","400,422","124,752","45,631","27,972"
2018/08/01,2018-Ago,MEX,,,,,-0.370,20063433,114189,,356.148,100.492,1.064,7600411733,646532,,131891,,1735685,,5455101,,145119,,3983106,,1138592,,4702379,,2125028,,,148328,8036670,3792274,2159229,2331448,1299104,677070,809383,245633,,,,,,,,,,7487421,12576012,,,451,"642,985","2,625,204","3,402,682","3,032,371","2,719,891","2,427,554","2,062,967","1,506,199","1,040,382","403,337","125,518","45,859","28,033"
2018/09/01,2018-Sept,MEX,,,54027997,3.4564,-1.001,20192960,129527,,351.803,100.917,1.059,7524337086,680495,,131031,,1736242,,5484878,,145103,,3994244,,1140678,,4725924,,2154365,,30635009,154582,8023132,3921636,2218833,2361174,1292214,654097,789345,237610,,,,,,,,,,7554142,12638818,20599736,33428261,422,"650,258","2,641,457","3,420,677","3,049,522","2,735,717","2,439,643","2,080,130","1,517,316","1,050,455","406,269","126,641","46,182","28,271"
2018/10/01,2018-Oct,MEX,,,,,-0.049,20356179,163219,,350.618,101.440,1.054,7520639768,692094,,130896,,1747574,,5518463,,144825,,4035199,,1154332,,4768999,,2163797,,,165125,8175047,3922209,2210546,2356339,1297991,655751,789552,240279,,,,,,,,,,7627895,12728284,,,375,"664,151","2,671,265","3,448,178","3,070,541","2,753,499","2,453,432","2,097,005","1,527,774","1,058,784","409,116","127,468","46,204","28,387"
2018/11/01,2018-Nov,MEX,,,,,0.245,20457926,101747,,352.703,102.303,1.045,7539037863,719966,,130245,,1713162,,5529450,,145337,,4086796,,1158571,,4801237,,2173162,,,164411,8056629,4018012,2274016,2370655,1325892,660277,786404,246479,,,,,,,,,,7691614,12766312,,,357,"667,007","2,690,826","3,466,199","3,082,256","2,764,393","2,460,853","2,108,657","1,536,708","1,063,866","413,084","128,380","46,711","28,629"
2018/12/01,2018-Dic,MEX,,,54194608,3.264,-2.079,20079365,-378561,,354.348,103.020,1.038,7382293939,736854,,127936,,1587298,,5428597,,145917,,4046072,,1150983,,4742401,,2113307,,30693062,154078,7902745,3897391,2236438,2342643,1314471,654344,783095,246355,,,,,,,,,,7574396,12504969,20908056,33286552,325,"637,062","2,611,681","3,388,513","3,024,988","2,718,385","2,418,978","2,084,943","1,522,340","1,055,045","413,716","127,921","46,639","28,829"
2019/01/01,2019-Ene,MEX,,,,,5.464,20174011,94646,,372.275,103.108,1.037,7785675747,765225,,130002,,1630994,,5488283,,145735,,4005587,,1151961,,4719696,,2136528,,,171498,8933395,3782211,2038739,2198994,1103939,581589,723264,194714,,,,,,,,,,7580118,12593893,,,317,"623,077","2,571,731","3,418,102","3,052,327","2,738,123","2,431,334","2,105,149","1,537,930","1,065,960","420,832","131,639","47,740","29,750"
2019/02/01,2019-Feb,MEX,,,,,1.011,20299993,125982,,373.600,103.079,1.037,7864398850,773893,,129943,,1647187,,5522200,,145945,,4014011,,1162018,,4746841,,2157955,,,167305,9003560,3788812,2060191,2214096,1114565,582577,725355,194814,,,,,,,,,,7628992,12671001,,,334,"622,324","2,594,952","3,441,445","3,072,297","2,754,166","2,441,485","2,118,729","1,548,516","1,073,540","422,441","132,146","47,855","29,763"
2019/03/01,2019-Mar,MEX,,,54152266,3.3659,-0.351,20348508,48515,,372.832,103.476,1.033,7836806835,780735,,129830,,1637929,,5533431,,145464,,4018421,,1166805,,4762816,,2173077,,30803325,164068,8867335,3882034,2129322,2324499,1082478,566604,697047,187116,,,,,,,,,,7669050,12679458,20883061,33269205,333,"619,149","2,599,989","3,451,565","3,080,247","2,759,444","2,443,512","2,126,534","1,556,278","1,078,628","423,264","132,082","47,801","29,682"
2019/04/01,2019-Abr,MEX,,,,,0.330,20378927,30419,,373.704,103.531,1.032,7862699419,766794,,130429,,1643034,,5534061,,147008,,4030885,,1173595,,4774931,,2178190,,,162785,8906589,3852142,2124020,2332165,1084624,571096,702715,188932,,,,,,,,,,7689517,12689410,,,315,"611,335","2,595,266","3,455,783","3,086,826","2,766,490","2,445,100","2,133,682","1,563,668","1,083,790","425,949","133,069","47,942","29,712"
2019/05/01,2019-May,MEX,,,,,1.325,20382910,3983,,377.490,103.233,1.035,7966847250,719852,,129394,,1650181,,5548723,,146200,,4049846,,1176213,,4788329,,2174172,,,160641,8793765,3911751,2138387,2345721,1081190,567441,707105,198151,,,,,,,,,,7714527,12668383,,,326,"602,242","2,593,625","3,453,859","3,088,920","2,767,866","2,443,701","2,138,016","1,569,206","1,087,784","426,829","133,006","47,853","29,677"
2019/06/01,2019-Jun,MEX,,,54936719,3.5372,-0.361,20368666,-14244,,376.630,103.299,1.035,7938057363,687807,,129327,,1654411,,5537901,,145579,,4064315,,1183628,,4809539,,2156159,,30949644,160707,8858526,3868315,2120343,2338293,1079238,562356,708563,195088,,,,,,,,,,7720903,12647763,21486902,33449817,306,"618,393","2,604,161","3,440,051","3,076,971","2,760,241","2,435,662","2,137,166","1,571,022","1,089,204","425,604","132,770","47,614","29,501"
2019/07/01,2019-Jul,MEX,,,,,0.790,20385379,16713,,380.718,103.687,1.031,8000758175,660995,,129721,,1673959,,5552566,,145885,,4079968,,1196621,,4833564,,2112100,,,140678,8741018,3875597,2135926,2362966,1124421,596180,738702,201329,,,,,,,,,,7722520,12662859,,,358,"641,081","2,609,979","3,437,766","3,075,542","2,760,790","2,430,862","2,137,190","1,570,805","1,088,581","423,809","132,481","47,117","29,018"
2019/08/01,2019-Ago,MEX,,,,,-0.080,20422010,36631,,379.669,103.670,1.031,7994365578,678796,,128464,,1676120,,5539490,,144912,,4084425,,1199362,,4831183,,2139258,,,151569,8836691,3836151,2118421,2356413,1122921,594143,735999,201032,,,,,,,,,,7755543,12666467,,,312,"625,913","2,584,609","3,444,532","3,089,387","2,773,336","2,439,203","2,150,363","1,580,766","1,096,359","426,071","134,070","47,754","29,335"
2019/09/01,2019-Sept,MEX,,,55201939,3.7448,-0.930,20567426,145416,,374.459,103.942,1.028,7920015093,710338,,129519,,1685435,,5555828,,144763,,4101646,,1204267,,4844600,,2191030,,31189040,152103,8907359,3967326,2142683,2358841,1108169,569961,713877,195464,,,,,,,,,,7825595,12741831,21565060,33636879,304,"628,754","2,598,457","3,465,401","3,113,353","2,794,323","2,454,487","2,168,101","1,594,506","1,105,979","430,228","135,639","48,277","29,617"
2019/10/01,2019-Oct,MEX,,,,,-0.094,20727424,159998,,373.224,104.503,1.023,7912595089,728747,,129529,,1707133,,5562697,,145227,,4153393,,1214110,,4879349,,2207239,,,154770,9072320,3948861,2138106,2363575,1111964,571801,714401,197543,,,,,,,,,,7898204,12829225,,,286,"639,373","2,624,310","3,491,207","3,135,730","2,812,347","2,468,270","2,183,801","1,607,296","1,114,985","434,122","137,040","48,858","29,804"
2019/11/01,2019-Nov,MEX,,,,,0.246,20803652,76228,,375.776,105.346,1.015,7932020639,733193,,130301,,1695281,,5561550,,145755,,4193278,,1220127,,4910533,,2213634,,,152977,8918892,4075265,2199798,2368205,1130133,575894,715147,207154,,,,,,,,,,7949232,12854420,,,294,"641,911","2,636,928","3,502,320","3,145,613","2,820,070","2,473,458","2,192,859","1,614,662","1,120,504","437,567","138,235","49,200","30,031"
2019/12/01,2019-Dic,MEX,,,55683450,3.3702,-1.769,20421442,-382210,,378.135,105.934,1.009,7791672924,747527,,128449,,1574128,,5450985,,146299,,4143292,,1215181,,4855188,,2160393,,31314256,154771,8715589,3964007,2170479,2344632,1121734,572548,714175,205672,,,,,,,,,,7824515,12596927,22032255,33651195,262,"605,077","2,554,894","3,421,580","3,089,449","2,773,967","2,436,755","2,168,328","1,601,653","1,113,050","438,361","138,707","49,141","30,218"
2020/01/01,2020-Ene,MEX,,,,,4.620,20490397,68955,,396.181,106.447,1.004,8151613714,782853,,129174,,1608317,,5494752,,145812,,4100538,,1217337,,4820260,,2191354,,,178780,10305220,3592273,1849324,2065349,900323,490735,604439,503954,,,,,,,,,,7822714,12667683,,,278,"589,426","2,519,774","3,430,243","3,116,510","2,791,286","2,449,011","2,184,706","1,616,036","1,123,725","445,543","142,434","50,320","31,105"
2020/02/01,2020-Feb,MEX,,,,,0.550,20613536,123139,,397.625,106.889,1.000,8196456768,803827,,128785,,1626535,,5516374,,146049,,4112523,,1223755,,4833570,,2222118,,,171942,10361958,3615745,1851302,2080669,925556,493151,606364,506849,,,,,,,,,,7871891,12741644,,,277,"593,901","2,539,095","3,449,536","3,134,351","2,805,613","2,460,788","2,197,854","1,627,692","1,131,830","447,206","143,409","50,798","31,185"
2020/03/01,2020-Mar,MEX,-0.634,,55352304,3.4469,-0.174,20482943,-130593,-130593,399.275,106.838,1.000,8182231435,807608,3781,126721,-2064,1593621,-32914,5490693,-25681,145903,-146,4111421,-1102,1226995,3240,4745706,-87864,2234275,12157,31041240,167967,10075734,3736827,1912866,2095715,919033,481756,587569,505476,-3975,-286224,121082,61564,15046,-6523,-11395,-18795,-1373,7842595,12640348,21868095,33484209,279,"570,016","2,497,822","3,422,641","3,118,630","2,792,956","2,451,013","2,194,430","1,628,129","1,133,413","447,741","143,563","51,029","31,281"
2020/04/01,2020-Abr,MEX,-3.327,-21.783,43294807,4.675,-0.650,19927696,-555247,-685840,403.600,105.755,1.011,8129060418,790444,-13383,123287,-5498,1396466,-230069,5391007,-125367,146075,26,4069110,-43413,1202788,-20967,4574822,-258748,2233697,11579,20662038,164827,9693793,3638590,1879221,2072023,910291,479024,585587,504340,-7115,-668165,22845,27919,-8646,-15265,-14127,-20777,-2509,7668751,12258945,16830702,26464105,319,"509,324","2,376,161","3,321,333","3,050,100","2,735,319","2,401,719","2,154,831","1,600,074","1,114,822","442,546","140,658","50,043","30,447"
2020/05/01,2020-May,MEX,-4.998,-21.270,43578792,4.193,-1.038,19583170,-344526,-1030366,408.000,106.162,1.007,8044648621,744799,-59028,121436,-7349,1364218,-262317,5305454,-210920,145473,-576,4015444,-97079,1186977,-36778,4466097,-367473,2233272,11154,22589804,165034,9416768,3613947,1865399,2042221,908955,463522,582897,524427,-6908,-945190,-1798,14097,-38448,-16601,-29629,-23467,17578,7559427,12023743,17395805,26182987,266,"467,768","2,300,672","3,259,134","3,009,570","2,699,093","2,372,340","2,130,595","1,582,996","1,103,300","439,769","138,526","49,037","30,104"
2020/06/01,2020-Jun,MEX,-5.403,,,,-1.137,19499859,-83311,-1113677,407.3,106.743,1.001,7953155810,711711,-92116,120926,-7859,1462271,-164264,5271343,-245031,145669,-380,3981109,-131414,1182594,-41161,4419158,-414412,2205078,-17040,,160777,9429173,3564847,1852174,2032801,898011,459390,583785,518901,-11165,-932785,-50898,872,-47868,-27545,-33761,-22579,12052,7496174,12003685,,,293,"458,403","2,288,228","3,241,610","3,001,220","2,690,314","2,364,127","2,124,018","1,579,842","1,099,554","436,630","137,296","48,465","29,859"
